0 0 0
1520 1514 0
1526 1526 0
1483 1483 0
1516 1516 0
1570 1570 0
1040 729 0
1423 960 0
1471 941 0
1194 720 0
1118 683 0
1369 783 97
1559 865 78
1453 843 53
1480 838 138
1527 852 215
1507 789 332
1464 791 274
1503 828 278
1514 958 117
1938 1338 0
1561 1077 0
1409 962 0
1399 982 0
1369 989 0
1486 965 143
1483 916 237
1430 932 176
1894 1261 177
1630 1184 0
1551 1144 0
1303 961 0
1270 943 0
1341 891 119
1558 1002 225
1507 1061 117
1687 1247 48
2106 1608 0
1465 1098 0
1372 1041 0
1240 935 0
1545 1193 0
1544 1177 0
1620 1265 0
1500 1167 0
2314 1792 0
1402 1073 0
1379 1030 0
1573 1235 0
1581 1217 0
1478 1171 0
1560 1214 0
1519 1175 0
1558 1238 0
1460 1154 0
1493 1178 0
1420 1140 0
1368 1052 0
1731 1376 0
1512 1234 0
1577 1259 0
1527 1224 0
1474 1164 0
1551 1254 0
1518 1217 0
1461 1181 0
1466 1206 0
1533 1223 0
1476 1190 0
1636 1319 0
1544 1262 0
1392 1125 0
1494 1232 0
1463 1167 0
1455 1184 0
1584 1330 0
1473 1199 0
1503 1202 0
1488 1203 0
1469 1188 0
1514 1247 0
1488 1218 0
1476 1211 0
1579 1316 0
1475 1227 0
1434 1178 0
1575 1295 0
1449 1181 0
1480 1208 0
1510 1264 0
1512 1263 0
1541 1287 0
1384 1108 0
1518 1271 0
1534 1289 0
1449 1224 0
1470 1238 0
1461 1201 0
1521 1261 0
1456 1232 0
1400 1183 0
1473 1242 0
1529 1280 0
1426 1209 0
1556 1307 0
1480 1242 0
1545 1290 0
1432 1203 0
1500 1261 0
1493 1284 0
1504 1269 0
1493 1270 0
1508 1274 0
1507 1283 0
1448 1259 0
1513 1289 0
1505 1272 0
1605 1354 0
1503 1283 0
1540 1314 0
1457 1274 0
1491 1261 0
1556 1320 0
1536 1329 0
1468 1254 0
1532 1304 0
1507 1286 0
1457 1238 0
1501 1244 0
1468 1259 0
1510 1285 0
1463 1271 0
1475 1255 0
1471 1256 0
1560 1331 0
1517 1307 0
1501 1289 0
1499 1295 0
1545 1355 0
1562 1343 0
1509 1290 0
1487 1300 0
1504 1288 0
1561 1339 0
1448 1231 0
1517 1331 0
1491 1293 0
1548 1329 0
1457 1283 0
1482 1276 0
1487 1310 0
1513 1313 0
1487 1314 0
1455 1248 0
1493 1299 0
1473 1295 0
1487 1297 0
1475 1277 0
1568 1349 0
1467 1289 0
1546 1351 0
1491 1296 0
1531 1355 0
1529 1323 0
1421 1243 0
1557 1363 0
1514 1327 0
1502 1331 0
1512 1326 0
1511 1323 0
1500 1325 0
1500 1310 0
1573 1396 0
1509 1313 0
1483 1289 0
1475 1288 0
1581 1386 0
1536 1378 0
1444 1279 0
1440 1262 0
