0 0 0
1521 1515 0
1526 1526 0
1482 1482 0
1516 1516 0
1570 1570 0
1519 1331 0
1571 1329 0
1513 1266 0
1491 1245 0
1516 1272 0
1526 1246 0
1498 1244 0
1479 1253 0
1486 1228 0
1544 1283 0
1462 1219 0
1513 1251 0
1479 1246 0
1582 1337 0
1485 1232 0
1536 1285 0
1508 1271 0
1531 1304 0
1546 1318 0
1473 1268 0
1445 1268 0
1506 1303 0
1472 1233 0
1559 1360 0
1426 1227 0
1471 1285 0
1546 1302 0
1552 1335 0
1497 1294 0
1480 1289 0
1457 1254 0
1433 1238 0
1526 1317 0
1551 1341 0
1538 1351 0
1466 1265 0
1532 1341 0
1429 1250 0
1504 1292 0
1495 1308 0
1413 1219 0
1532 1327 0
1520 1322 0
1496 1298 0
1495 1322 0
1519 1329 0
1532 1320 0
1534 1347 0
1486 1295 0
1478 1285 0
1516 1355 0
1507 1288 0
1510 1345 0
1546 1364 0
1589 1400 0
1471 1287 0
1510 1318 0
1528 1337 0
1515 1331 0
1446 1277 0
1468 1311 0
1532 1326 0
1552 1369 0
1556 1379 0
1549 1372 0
1441 1268 0
1445 1280 0
1477 1285 0
1489 1329 0
1550 1395 0
1463 1312 0
1495 1313 0
1488 1320 0
1499 1310 0
1486 1308 0
1489 1317 0
1487 1306 0
1567 1392 0
1481 1324 0
1489 1325 0
1514 1346 0
1506 1322 0
1469 1299 0
1499 1347 0
1488 1331 0
1536 1380 0
1427 1247 0
1493 1343 0
1510 1368 0
1450 1308 0
1471 1327 0
1462 1290 0
1520 1366 0
1470 1325 0
1412 1264 0
1445 1310 0
1530 1376 0
1430 1296 0
1550 1386 0
1526 1363 0
1511 1344 0
1421 1282 0
1507 1352 0
1512 1379 0
1477 1328 0
1495 1353 0
1549 1377 0
1468 1321 0
1445 1310 0
1523 1376 0
1563 1392 0
1541 1383 0
1499 1341 0
1541 1383 0
1459 1344 0
1488 1341 0
1558 1398 0
1543 1392 0
1468 1331 0
1527 1374 0
1503 1363 0
1458 1302 0
1503 1327 0
1457 1318 0
1520 1359 0
1468 1337 0
1473 1319 0
1467 1318 0
1560 1408 0
1515 1377 0
1506 1365 0
1501 1355 0
1556 1441 0
1544 1403 0
1519 1369 0
1484 1353 0
1517 1377 0
1541 1396 0
1449 1290 0
1519 1380 0
1506 1360 0
1532 1383 0
1458 1342 0
1480 1340 0
1489 1371 0
1511 1363 0
1487 1379 0
1456 1318 0
1495 1364 0
1471 1341 0
1488 1367 0
1473 1339 0
1570 1411 0
1467 1328 0
1544 1410 0
1521 1374 0
1509 1395 0
1527 1390 0
1416 1294 0
1558 1420 0
1515 1387 0
1512 1391 0
1499 1358 0
1529 1393 0
1483 1357 0
1521 1398 0
1552 1441 0
1518 1378 0
1474 1343 0
1475 1341 0
1574 1431 0
1543 1429 0
1445 1322 0
1453 1330 0
