0 0 0
1520 1514 0
1526 1526 0
1482 1482 0
1517 1517 0
1570 1570 0
928 368 0
862 406 0
1294 455 393
1511 491 571
1493 544 475
1537 655 370
1522 642 386
1474 745 268
1607 930 113
1401 796 141
1509 794 298
1471 753 307
1501 883 183
1526 941 119
1542 933 158
1531 848 275
1727 1061 147
1642 1131 0
1456 1030 0
1368 945 0
1535 1122 0
1381 1005 0
1431 1038 0
1436 991 25
1786 1250 64
1816 1306 0
1514 1112 0
1765 1269 0
1671 1245 0
1723 1289 0
1589 1207 0
1483 1109 0
1599 1173 0
1510 1124 0
1502 1141 0
1418 1071 0
1477 1121 0
1627 1252 0
1473 1126 0
1473 1133 0
1460 1116 0
1521 1139 0
1440 1106 0
1468 1129 0
1471 1152 0
1647 1269 0
1518 1171 0
1558 1226 0
1435 1125 0
1517 1190 0
1483 1167 0
1440 1102 0
1597 1267 0
1500 1207 0
1576 1255 0
1518 1211 0
1458 1141 0
1608 1293 0
1498 1194 0
1462 1179 0
1468 1203 0
1511 1202 0
1570 1266 0
1551 1249 0
1544 1254 0
1455 1185 0
1440 1178 0
1459 1156 0
1412 1150 0
1641 1366 0
1461 1189 0
1432 1137 0
1563 1264 0
1498 1203 0
1462 1200 0
1512 1229 0
1462 1195 0
1590 1313 0
1483 1224 0
1476 1213 0
1527 1249 0
1484 1210 0
1487 1216 0
1485 1239 0
1494 1252 0
1544 1285 0
1432 1144 0
1463 1225 0
1537 1291 0
1451 1219 0
1471 1241 0
1460 1204 0
1520 1260 0
1465 1233 0
1385 1171 0
1480 1251 0
1520 1266 0
1413 1195 0
1577 1329 0
1491 1248 0
1521 1266 0
1446 1211 0
1501 1259 0
1475 1265 0
1503 1266 0
1507 1282 0
1534 1291 0
1486 1264 0
1447 1257 0
1524 1291 0
1519 1280 0
1569 1328 0
1513 1291 0
1541 1311 0
1459 1279 0
1489 1258 0
1555 1321 0
1551 1339 0
1454 1248 0
1534 1305 0
1506 1281 0
1456 1231 0
1506 1247 0
1463 1256 0
1503 1271 0
1473 1278 0
1478 1257 0
1467 1257 0
1557 1332 0
1516 1309 0
1503 1285 0
1505 1303 0
1540 1349 0
1560 1339 0
1515 1298 0
1487 1299 0
1493 1280 0
1566 1344 0
1449 1232 0
1517 1329 0
1491 1294 0
1545 1328 0
1460 1285 0
1481 1272 0
1489 1309 0
1512 1309 0
1482 1310 0
1465 1260 0
1487 1289 0
1474 1293 0
1487 1295 0
1453 1260 0
1591 1368 0
1467 1289 0
1545 1348 0
1521 1311 0
1500 1330 0
1537 1328 0
1413 1238 0
1558 1364 0
1514 1330 0
1498 1322 0
1515 1329 0
1536 1339 0
1483 1309 0
1492 1307 0
1576 1397 0
1517 1325 0
1467 1279 0
1482 1295 0
1573 1383 0
1544 1378 0
1444 1275 0
1442 1268 0
